==============================================
START OF THE DATA SET, T = 323.15 K, k_B = 8.617333262e-05 eV
==============================================
0.0000000000000000 -3.766559782388363
0.018518518518518517 -3.7692149107916424
0.037037037037037035 -3.7717962819989537
0.05555555555555555 -3.7743412553136344
0.07407407407407407 -3.7768604258372074
0.09259259259259259 -3.7793695464292756
0.1111111111111111 -3.78186189301721
0.12962962962962962 -3.784352699714255
0.14814814814814814 -3.786847368136418
0.16666666666666666 -3.7893064810029227
0.18518518518518517 -3.791782429652624
0.2037037037037037 -3.7942565691913237
0.2222222222222222 -3.796733396655463
0.24074074074074073 -3.799188741325036
0.25925925925925924 -3.801663856743977
0.2777777777777778 -3.8041238253648166
0.2962962962962963 -3.806621703603673
0.3148148148148148 -3.809111468907438
0.3333333333333333 -3.811541450133131
0.35185185185185186 -3.814021153465078
0.37037037037037035 -3.8164761507113005
0.3888888888888889 -3.818968191625354
0.4074074074074074 -3.8214832018294227
0.42592592592592593 -3.82388070262728
0.4444444444444444 -3.826375833480514
0.46296296296296297 -3.828814927937995
0.48148148148148145 -3.8313233533549784
0.5 -3.83377166516412
0.5185185185185185 -3.8362875324372743
0.5370370370370371 -3.838735556787946
0.5555555555555556 -3.8411981006358036
0.5740740740740741 -3.8436607464999857
0.5925925925925926 -3.846156635797115
0.6111111111111112 -3.8485843535796285
0.6296296296296297 -3.8511074293744305
0.6481481481481481 -3.8535294796178374
0.6666666666666666 -3.856005372568299
0.6851851851851852 -3.8584577239454285
0.7037037037037037 -3.860938098093859
0.7222222222222222 -3.8633987080408505
0.7407407407407407 -3.8658774132895064
0.7592592592592593 -3.8683321733360656
0.7777777777777778 -3.8708116441730684
0.7962962962962963 -3.873283105170392
0.8148148148148148 -3.875747439316803
0.8333333333333334 -3.878203396381667
0.8518518518518519 -3.8806594152029876
0.8703703703703703 -3.883122373216245
0.8888888888888888 -3.8855696068710377
0.9074074074074074 -3.8880146477583444
0.9259259259259259 -3.890445522366191
0.9444444444444444 -3.8928641180950954
0.9629629629629629 -3.8952576690703755
0.9814814814814815 -3.8976148962689487
1.0000000000000000 -3.899898228845549
==============================================
START OF THE DATA SET, T = 289.15 K, k_B = 8.617333262e-05 eV
==============================================
0.0000000000000000 -3.766559782388363
0.018518518518518517 -3.7691608054771715
0.037037037037037035 -3.7716984685999324
0.05555555555555555 -3.774205209940576
0.07407407407407407 -3.7766932675873317
0.09259259259259259 -3.7791713058385112
0.1111111111111111 -3.7816373004660044
0.12962962962962962 -3.784113661030989
0.14814814814814814 -3.7865702492087547
0.16666666666666666 -3.7890267172817453
0.18518518518518517 -3.791492574051493
0.2037037037037037 -3.7939417699832823
0.2222222222222222 -3.796396272457432
0.24074074074074073 -3.79887215968374
0.25925925925925924 -3.8013276017120727
0.2777777777777778 -3.8038000086922077
0.2962962962962963 -3.806254827742246
0.3148148148148148 -3.808712567537246
0.3333333333333333 -3.811193122600801
0.35185185185185186 -3.813705615751741
0.37037037037037035 -3.816162712621473
0.3888888888888889 -3.818568955638688
0.4074074074074074 -3.8210757979385797
0.42592592592592593 -3.823525436717569
0.4444444444444444 -3.8260045807048346
0.46296296296296297 -3.828467962681305
0.48148148148148145 -3.8309330776889374
0.5 -3.8334407017947076
0.5185185185185185 -3.8358835899719965
0.5370370370370371 -3.8383406679475764
0.5555555555555556 -3.840870305454451
0.5740740740740741 -3.8432720645587404
0.5925925925925926 -3.845714924640769
0.6111111111111112 -3.848237998834824
0.6296296296296297 -3.850699598907387
0.6481481481481481 -3.8531841769818307
0.6666666666666666 -3.8556194388724823
0.6851851851851852 -3.8581201806045717
0.7037037037037037 -3.860593878108133
0.7222222222222222 -3.8630759958665375
0.7407407407407407 -3.865522321976878
0.7592592592592593 -3.8680158483163813
0.7777777777777778 -3.8704910237497363
0.7962962962962963 -3.8729533839923342
0.8148148148148148 -3.875446246219701
0.8333333333333334 -3.8779246074406077
0.8518518518518519 -3.880402326067442
0.8703703703703703 -3.882886666568932
0.8888888888888888 -3.8853513955896064
0.9074074074074074 -3.88781680256325
0.9259259259259259 -3.890278233256838
0.9444444444444444 -3.892727594348363
0.9629629629629629 -3.895160865923322
0.9814814814814815 -3.8975607909544756
1.0000000000000000 -3.899898228845549
==============================================
START OF THE DATA SET, T = 273.15 K, k_B = 8.617333262e-05 eV
==============================================
0.0000000000000000 -3.766559782388363
0.018518518518518517 -3.7691353526411393
0.037037037037037035 -3.7716529121072084
0.05555555555555555 -3.774141777591003
0.07407407407407407 -3.7766165351740395
0.09259259259259259 -3.7790757009459175
0.1111111111111111 -3.7815374092971705
0.12962962962962962 -3.7839970169501744
0.14814814814814814 -3.7864431150643685
0.16666666666666666 -3.788896756039381
0.18518518518518517 -3.7913415264964425
0.2037037037037037 -3.79380977886467
0.2222222222222222 -3.7962659079091075
0.24074074074074073 -3.798752609869709
0.25925925925925924 -3.8011899362918893
0.2777777777777778 -3.8036566219074865
0.2962962962962963 -3.8061136849266606
0.3148148148148148 -3.8085961277939457
0.3333333333333333 -3.8110433639989605
0.35185185185185186 -3.8135331439380717
0.37037037037037035 -3.8159892875567976
0.3888888888888889 -3.818469033611576
0.4074074074074074 -3.8209339873279045
0.42592592592592593 -3.823390028752521
0.4444444444444444 -3.8257956088047274
0.46296296296296297 -3.8283179235614835
0.48148148148148145 -3.830792574988473
0.5 -3.8332401673872756
0.5185185185185185 -3.8357648443826395
0.5370370370370371 -3.8381898514894095
0.5555555555555556 -3.840632133137831
0.5740740740740741 -3.8431711295845608
0.5925925925925926 -3.8456462806576526
0.6111111111111112 -3.848038904104666
0.6296296296296297 -3.850527240237349
0.6481481481481481 -3.8529969826900827
0.6666666666666666 -3.855471199994915
0.6851851851851852 -3.857953591595633
0.7037037037037037 -3.8604246769221024
0.7222222222222222 -3.862920358446564
0.7407407407407407 -3.865429567715457
0.7592592592592593 -3.8678559768888983
0.7777777777777778 -3.870333407427545
0.7962962962962963 -3.8728312432860226
0.8148148148148148 -3.87530036962903
0.8333333333333334 -3.877794779026641
0.8518518518518519 -3.880278595368565
0.8703703703703703 -3.8827639667680915
0.8888888888888888 -3.885248746197366
0.9074074074074074 -3.887725045168704
0.9259259259259259 -3.890202009085049
0.9444444444444444 -3.8926662995565096
0.9629629629629629 -3.8951144372974036
0.9814814814814815 -3.897535338118448
1.0000000000000000 -3.899898228845549
==============================================
START OF THE DATA SET, T = 248.15 K, k_B = 8.617333262e-05 eV
==============================================
0.0000000000000000 -3.766559782388363
0.018518518518518517 -3.769095564191971
0.037037037037037035 -3.7715811387001565
0.05555555555555555 -3.7740444372451583
0.07407407407407407 -3.776493687108199
0.09259259259259259 -3.7789397429434506
0.1111111111111111 -3.7813773302092906
0.12962962962962962 -3.7838174829074402
0.14814814814814814 -3.7862639001730796
0.16666666666666666 -3.788705476126688
0.18518518518518517 -3.7911453275362534
0.2037037037037037 -3.7936113754181626
0.2222222222222222 -3.796034474082999
0.24074074074074073 -3.798510549758105
0.25925925925925924 -3.8009565077325487
0.2777777777777778 -3.803431218107861
0.2962962962962963 -3.8058890339481413
0.3148148148148148 -3.8083302759001976
0.3333333333333333 -3.8108142087834898
0.35185185185185186 -3.8132579969008704
0.37037037037037035 -3.8157327266284193
0.3888888888888889 -3.8181791163299352
0.4074074074074074 -3.8206295490250644
0.42592592592592593 -3.8231104208938036
0.4444444444444444 -3.825609826431682
0.46296296296296297 -3.828058753230143
0.48148148148148145 -3.8305216523712766
0.5 -3.8330450631340787
0.5185185185185185 -3.835485939610716
0.5370370370370371 -3.837929160579291
0.5555555555555556 -3.8404605707036534
0.5740740740740741 -3.8429046661236685
0.5925925925925926 -3.845411023947083
0.6111111111111112 -3.8478163135256347
0.6296296296296297 -3.8502711719465585
0.6481481481481481 -3.8527618405375854
0.6666666666666666 -3.8552249586261245
0.6851851851851852 -3.8577313528057178
0.7037037037037037 -3.860201512129812
0.7222222222222222 -3.8626881405381415
0.7407407407407407 -3.8651598282716453
0.7592592592592593 -3.867637673074537
0.7777777777777778 -3.870127395805997
0.7962962962962963 -3.8726253862187963
0.8148148148148148 -3.875111090735826
0.8333333333333334 -3.8775894129084842
0.8518518518518519 -3.880093249740826
0.8703703703703703 -3.8825893254634414
0.8888888888888888 -3.8850844649895726
0.9074074074074074 -3.887586442221073
0.9259259259259259 -3.8900802975637765
0.9444444444444444 -3.892567579861434
0.9629629629629629 -3.8950424996571877
0.9814814814814815 -3.8974955496692867
1.0000000000000000 -3.899898228845549
