==============================================
START OF THE DATA SET, T = 248.15 K, k_B = 8.617333262e-05 eV, T0 = 100.15 K.
==============================================
0.0000000000000000 -3.766559782388363
0.04 -3.7719851129780433
0.08 -3.7772314806177754
0.12 -3.782497065470243
0.16 -3.7877790559913196
0.2 -3.793078934842888
0.24 -3.798400456116941
0.28 -3.8037323117243815
0.32 -3.8090690553235675
0.36 -3.8144200786848907
0.4 -3.8197582996558785
0.44 -3.8251006026308203
0.48 -3.830428334624032
0.52 -3.835771427871611
0.56 -3.841099871409112
0.6 -3.8464254963451086
0.64 -3.8517516196981405
0.68 -3.8570811386652553
0.72 -3.8624020994200956
0.76 -3.867734898251788
0.8 -3.873081804362381
0.84 -3.878450903260665
0.88 -3.883834455855487
0.92 -3.889236930433605
0.96 -3.8946575009279676
1.0000000000000000 -3.899898228845549
==============================================
START OF THE DATA SET, T = 323.15 K, k_B = 8.617333262e-05 eV, T0 = 100.15 K.
==============================================
0.0000000000000000 -3.766559782388363
0.04 -3.772208908006043
0.08 -3.777590468919347
0.12 -3.7829676700694774
0.16 -3.7883405114564312
0.2 -3.7937089930802106
0.24 -3.799073114940814
0.28 -3.804432877038243
0.32 -3.8097882793724964
0.36 -3.815139321943575
0.4 -3.8204860047514786
0.44 -3.825828327796206
0.48 -3.8311662910777597
0.52 -3.8364998945961366
0.56 -3.8418291383513394
0.6 -3.847154022343367
0.64 -3.8524745465722186
0.68 -3.8577907110378957
0.72 -3.8631025157403975
0.76 -3.868409960679724
0.8 -3.8737130458558755
0.84 -3.879011771268852
0.88 -3.884306136918653
0.92 -3.8895961428052788
0.96 -3.8948817889287293
1.0000000000000000 -3.899898228845549
==============================================
START OF THE DATA SET, T = 289.15 K, k_B = 8.617333262e-05 eV, T0 = 100.15 K.
==============================================
0.0000000000000000 -3.766559782388363
0.04 -3.772106872118513
0.08 -3.777426015440876
0.12 -3.782751026759639
0.16 -3.7880802736212136
0.2 -3.7934137886657644
0.24 -3.798749941908821
0.28 -3.804089942490403
0.32 -3.8094309402193223
0.36 -3.81477254955397
0.4 -3.820115925660124
0.44 -3.8254533220752163
0.48 -3.830785706847987
0.52 -3.836123383783053
0.56 -3.8414565185243417
0.6 -3.846780565739284
0.64 -3.8521086360711783
0.68 -3.8574323972706206
0.72 -3.862757804236568
0.76 -3.8680867728294808
0.8 -3.8734176883674882
0.84 -3.878751252997734
0.88 -3.8840890446335607
0.92 -3.8894314498004907
0.96 -3.894779612206863
1.0000000000000000 -3.899898228845549
==============================================
START OF THE DATA SET, T = 273.15 K, k_B = 8.617333262e-05 eV, T0 = 100.15 K.
==============================================
0.0000000000000000 -3.766559782388363
0.04 -3.7720591361860425
0.08 -3.7773493818271024
0.12 -3.782650210065842
0.16 -3.7879604720981823
0.2 -3.793277299032897
0.24 -3.798606974391474
0.28 -3.8039377411635926
0.32 -3.8092773758989686
0.36 -3.814622641912954
0.4 -3.8199571013419535
0.44 -3.825299352876663
0.48 -3.8306370766606492
0.52 -3.8359699915241077
0.56 -3.8412932825478365
0.6 -3.8466284781781557
0.64 -3.851953075694279
0.68 -3.8572817799256534
0.72 -3.8626065825509657
0.76 -3.8679431603048107
0.8 -3.8732829189527043
0.84 -3.878632013436749
0.88 -3.88398847796561
0.92 -3.8893549076680576
0.96 -3.894731825590064
1.0000000000000000 -3.899898228845549
