0.0000000000000000 323.15 -3.766559782388363
0.0000000000000000 289.15 -3.766559782388363
0.0000000000000000 273.15 -3.766559782388363
0.0000000000000000 248.15 -3.766559782388363
0.018518518518518517 323.15 -3.769214925493193
0.018518518518518517 289.15 -3.76916082271412
0.018518518518518517 273.15 -3.769135332215554
0.018518518518518517 248.15 -3.769095552606561
0.037037037037037035 323.15 -3.7717960390145353
0.037037037037037035 289.15 -3.7716982449419425
0.037037037037037035 273.15 -3.771652414200893
0.037037037037037035 248.15 -3.7715808361647083
0.05555555555555555 323.15 -3.7743402429024826
0.05555555555555555 289.15 -3.7742051487532886
0.05555555555555555 273.15 -3.774142023082237
0.05555555555555555 248.15 -3.7740442961163287
0.07407407407407407 323.15 -3.7768642359295486
0.07407407407407407 289.15 -3.7766954720443713
0.07407407407407407 273.15 -3.776618764108508
0.07407407407407407 248.15 -3.7764968564380372
0.09259259259259259 323.15 -3.779364585844024
0.09259259259259259 289.15 -3.7791706410720143
0.09259259259259259 273.15 -3.779078690449538
0.09259259259259259 248.15 -3.7789362846163304
0.1111111111111111 323.15 -3.781864666462886
0.1111111111111111 289.15 -3.7816418793242006
0.1111111111111111 273.15 -3.781541142581101
0.1111111111111111 248.15 -3.7813818314614593
0.12962962962962962 323.15 -3.78434843056462
0.12962962962962962 289.15 -3.7841034632632224
0.12962962962962962 273.15 -3.783993035475003
0.12962962962962962 248.15 -3.7838203008336246
0.14814814814814814 323.15 -3.786835852059076
0.14814814814814814 289.15 -3.786568509335483
0.14814814814814814 273.15 -3.786445413399602
0.14814814814814814 248.15 -3.7862624588264455
0.16666666666666666 323.15 -3.7893198396287566
0.16666666666666666 289.15 -3.7890433900008142
0.16666666666666666 273.15 -3.788912637780212
0.16666666666666666 248.15 -3.78871500770043
0.18518518518518517 323.15 -3.7917867587422864
0.18518518518518517 289.15 -3.7914942875141073
0.18518518518518517 273.15 -3.7913615151676137
0.18518518518518517 248.15 -3.791152595308869
0.2037037037037037 323.15 -3.7942460376972593
0.2037037037037037 289.15 -3.793935659861471
0.2037037037037037 273.15 -3.7938007310698443
0.2037037037037037 248.15 -3.7935916419827214
0.2222222222222222 323.15 -3.796729155083657
0.2222222222222222 289.15 -3.796416957475962
0.2222222222222222 273.15 -3.796264855703284
0.2222222222222222 248.15 -3.796045053108124
0.24074074074074073 323.15 -3.799201863244077
0.24074074074074073 289.15 -3.7988540282254837
0.24074074074074073 273.15 -3.798705789446721
0.24074074074074073 248.15 -3.7984780251708705
0.25925925925925924 323.15 -3.801657621690936
0.25925925925925924 289.15 -3.8013251776391703
0.25925925925925924 273.15 -3.801170622092815
0.25925925925925924 248.15 -3.8009448260503698
0.2777777777777778 323.15 -3.804148168656173
0.2777777777777778 289.15 -3.8037921415566482
0.2777777777777778 273.15 -3.803639757382313
0.2777777777777778 248.15 -3.8034262738956732
0.2962962962962963 323.15 -3.80663080979558
0.2962962962962963 289.15 -3.8062891048703134
0.2962962962962963 273.15 -3.8061145964219496
0.2962962962962963 248.15 -3.8058688325386347
0.3148148148148148 323.15 -3.8090871735023653
0.3148148148148148 289.15 -3.8087378716804987
0.3148148148148148 273.15 -3.8085812372364427
0.3148148148148148 248.15 -3.8083416411717326
0.3333333333333333 323.15 -3.8115711485524546
0.3333333333333333 289.15 -3.811201271154972
0.3333333333333333 273.15 -3.811039586869464
0.3333333333333333 248.15 -3.8107891114368106
0.35185185185185186 323.15 -3.8140378374701265
0.35185185185185186 289.15 -3.8136581744628653
0.35185185185185186 273.15 -3.8134966116267015
0.35185185185185186 248.15 -3.8132973867731543
0.37037037037037035 323.15 -3.8164554764654506
0.37037037037037035 289.15 -3.8160696776762215
0.37037037037037035 273.15 -3.8159130194385504
0.37037037037037035 248.15 -3.8157063008901115
0.3888888888888889 323.15 -3.8189571928109025
0.3888888888888889 289.15 -3.8185920627254797
0.3888888888888889 273.15 -3.8184187386404145
0.3888888888888889 248.15 -3.818185374978001
0.4074074074074074 323.15 -3.8214407303731486
0.4074074074074074 289.15 -3.8210519293104395
0.4074074074074074 273.15 -3.82088264384364
0.4074074074074074 248.15 -3.820660209987491
0.42592592592592593 323.15 -3.8239035188913877
0.42592592592592593 289.15 -3.823571765570909
0.42592592592592593 273.15 -3.8234250738321163
0.42592592592592593 248.15 -3.823211262347419
0.4444444444444444 323.15 -3.826388071686915
0.4444444444444444 289.15 -3.8260277159091207
0.4444444444444444 273.15 -3.8258536594140597
0.4444444444444444 248.15 -3.825592132368653
0.46296296296296297 323.15 -3.8288522899632285
0.46296296296296297 289.15 -3.828488645838551
0.46296296296296297 273.15 -3.8283211133723856
0.46296296296296297 248.15 -3.828112418382476
0.48148148148148145 323.15 -3.8313525226648797
0.48148148148148145 289.15 -3.8309644860713803
0.48148148148148145 273.15 -3.830770144472051
0.48148148148148145 248.15 -3.830530745480431
0.5 323.15 -3.8337920149133033
0.5 289.15 -3.8333918386913517
0.5 273.15 -3.8332071602173383
0.5 248.15 -3.832984247074544
0.5185185185185185 323.15 -3.8362504143025724
0.5185185185185185 289.15 -3.8358835777821496
0.5185185185185185 273.15 -3.835724217856679
0.5185185185185185 248.15 -3.8355439802086124
0.5370370370370371 323.15 -3.8387434675115943
0.5370370370370371 289.15 -3.8383779247644645
0.5370370370370371 273.15 -3.8382246487314946
0.5370370370370371 248.15 -3.8380138233759875
0.5555555555555556 323.15 -3.8411923686661074
0.5555555555555556 289.15 -3.8408102116304397
0.5555555555555556 273.15 -3.8406349311350794
0.5555555555555556 248.15 -3.8404213059066077
0.5740740740740741 323.15 -3.843653525184897
0.5740740740740741 289.15 -3.8432804734476274
0.5740740740740741 273.15 -3.8431301164972616
0.5740740740740741 248.15 -3.842908161019225
0.5925925925925926 323.15 -3.846126297566881
0.5925925925925926 289.15 -3.845776739143065
0.5925925925925926 273.15 -3.8456342290134327
0.5925925925925926 248.15 -3.8453922947782497
0.6111111111111112 323.15 -3.8485995371145827
0.6111111111111112 289.15 -3.8482283372213253
0.6111111111111112 273.15 -3.848079093511421
0.6111111111111112 248.15 -3.8478847480153373
0.6296296296296297 323.15 -3.8510949148258646
0.6296296296296297 289.15 -3.850703561913044
0.6296296296296297 273.15 -3.8505734152361897
0.6296296296296297 248.15 -3.850302855637788
0.6481481481481481 323.15 -3.853520898146014
0.6481481481481481 289.15 -3.853141096985672
0.6481481481481481 273.15 -3.8529787600583805
0.6481481481481481 248.15 -3.8527592330885416
0.6666666666666666 323.15 -3.8559991982739388
0.6666666666666666 289.15 -3.855646996040345
0.6666666666666666 273.15 -3.8554873290100877
0.6666666666666666 248.15 -3.855261186679868
0.6851851851851852 323.15 -3.8584614614491763
0.6851851851851852 289.15 -3.8580919538506695
0.6851851851851852 273.15 -3.8579383630121735
0.6851851851851852 248.15 -3.8577321615031823
0.7037037037037037 323.15 -3.860944867839803
0.7037037037037037 289.15 -3.8605960871217686
0.7037037037037037 273.15 -3.860430493784259
0.7037037037037037 248.15 -3.8601829740521048
0.7222222222222222 323.15 -3.8634007008224795
0.7222222222222222 289.15 -3.863049033740934
0.7222222222222222 273.15 -3.8629054272400167
0.7222222222222222 248.15 -3.8627041878605763
0.7407407407407407 323.15 -3.865878130403409
0.7407407407407407 289.15 -3.8655498975186426
0.7407407407407407 273.15 -3.865411096625008
0.7407407407407407 248.15 -3.865186352433845
0.7592592592592593 323.15 -3.8683367902609005
0.7592592592592593 289.15 -3.867999659658388
0.7592592592592593 273.15 -3.8678411198946017
0.7592592592592593 248.15 -3.8676104820447557
0.7777777777777778 323.15 -3.870815688292597
0.7777777777777778 289.15 -3.8704956629223797
0.7777777777777778 273.15 -3.870360451073318
0.7777777777777778 248.15 -3.8701393034420213
0.7962962962962963 323.15 -3.8732768265280035
0.7962962962962963 289.15 -3.872963825726985
0.7962962962962963 273.15 -3.872823596025721
0.7962962962962963 248.15 -3.8726091322367617
0.8148148148148148 323.15 -3.875751329109596
0.8148148148148148 289.15 -3.875454961832748
0.8148148148148148 273.15 -3.8753083453908426
0.8148148148148148 248.15 -3.875108804649077
0.8333333333333334 323.15 -3.8782144495344855
0.8333333333333334 289.15 -3.877932205909024
0.8333333333333334 273.15 -3.877804779087931
0.8333333333333334 248.15 -3.87760456278391
0.8518518518518519 323.15 -3.880657418022304
0.8518518518518519 289.15 -3.880395388284234
0.8518518518518519 273.15 -3.8802703726161805
0.8518518518518519 248.15 -3.8800888913565603
0.8703703703703703 323.15 -3.883111597025385
0.8703703703703703 289.15 -3.8828696559509175
0.8703703703703703 273.15 -3.8827587791940337
0.8703703703703703 248.15 -3.882587855570956
0.8888888888888888 323.15 -3.8855697596905605
0.8888888888888888 289.15 -3.8853464162370623
0.8888888888888888 273.15 -3.885244641805725
0.8888888888888888 248.15 -3.8850860325934855
0.9074074074074074 323.15 -3.888013089922467
0.9074074074074074 289.15 -3.8878186865069924
0.9074074074074074 273.15 -3.887727625526128
0.9074074074074074 248.15 -3.8875874744447603
0.9259259259259259 323.15 -3.8904463301890453
0.9259259259259259 289.15 -3.8902787128647045
0.9259259259259259 273.15 -3.8902008878087275
0.9259259259259259 248.15 -3.890079642866009
0.9444444444444444 323.15 -3.892863753240844
0.9444444444444444 289.15 -3.8927283848512646
0.9444444444444444 273.15 -3.892665156039023
0.9444444444444444 248.15 -3.892566593835152
0.9629629629629629 323.15 -3.895257802384308
0.9629629629629629 289.15 -3.895159881393636
0.9629629629629629 273.15 -3.895113902497647
0.9629629629629629 248.15 -3.8950423868371615
0.9814814814814815 323.15 -3.8976149109704865
0.9814814814814815 289.15 -3.897560808191422
0.9814814814814815 273.15 -3.897535317692849
0.9814814814814815 248.15 -3.8974955380838514
1.0000000000000000 323.15 -3.899898228845549
1.0000000000000000 289.15 -3.899898228845549
1.0000000000000000 273.15 -3.899898228845549
1.0000000000000000 248.15 -3.899898228845549
